halfcheetah-expert-v0 : 12184.509765625 +- 33.390876853735094
halfcheetah-expert-v1 : 9683.3623046875 +- 35.74328383999741
halfcheetah-expert-v2 : 10656.42578125 +- 13.967233627319002
hopper-expert-v0 : 3525.2470703125 +- 13.141799761274589
hopper-expert-v1 : 1888.58447265625 +- 10.026795014904732
hopper-expert-v2 : 3511.357666015625 +- 10.25330299825145
walker2d-expert-v0 : 2904.42431640625 +- 49.806803120854134
walker2d-expert-v1 : 4912.716796875 +- 6.872349210625987
walker2d-expert-v2 : 4920.5068359375 +- 4.3131868195926275
ant-expert-v0 : 2957.116455078125 +- 39.057466373730065
ant-expert-v1 : 4569.4990234375 +- 44.91160199582027
ant-expert-v2 : 4620.72998046875 +- 43.81963401882548
